kinematics:
  shoulder:
    x: 0
    y: 0
    z: 0.1808111922276114
    roll: -0
    pitch: 0
    yaw: -1.867947780065382e-07
  upper_arm:
    x: -1.784648888007114e-06
    y: 0
    z: 0
    roll: 1.570261280970743
    pitch: 0
    yaw: 8.376343524708923e-07
  forearm:
    x: -0.6124214312657797
    y: 0
    z: 0
    roll: 3.140748302835314
    pitch: 3.140171899495581
    yaw: 3.141590380141503
  wrist_1:
    x: -0.5715012695835601
    y: -0.0006466802844275802
    z: 0.1744111803357274
    roll: 0.00370777446576497
    pitch: -0.0007730601470376226
    yaw: 6.720020074746522e-06
  wrist_2:
    x: -5.764750495723035e-05
    y: -0.1198723533642051
    z: -2.87846605210841e-05
    roll: 1.571036454390293
    pitch: 0
    yaw: -4.834761345743829e-07
  wrist_3:
    x: -1.54182576886861e-05
    y: 0.1156990472420401
    z: 6.634716196421822e-05
    roll: 1.57136977278493
    pitch: 3.141592653589793
    yaw: 3.141592370244607
  hash: calib_16563760169485857845