kinematics:
  shoulder:
    x: 0
    y: 0
    z: 0.0893433342747208
    roll: -0
    pitch: 0
    yaw: -5.686698241665606e-05
  upper_arm:
    x: 0.000376243332908769
    y: 0
    z: 0
    roll: 1.570316436577613
    pitch: 0
    yaw: 3.913814888759785e-05
  forearm:
    x: -0.4252349000773208
    y: 0
    z: 0
    roll: 0.0005938325764874992
    pitch: 0.0005553828376591069
    yaw: 6.929152692912797e-05
  wrist_1:
    x: -0.3922210414543442
    y: 0.0009959805613365441
    z: 0.1110568342570683
    roll: 3.132624688065885
    pitch: 3.140219710018877
    yaw: -3.141536400791123
  wrist_2:
    x: 1.971445413668318e-05
    y: -0.09489858381845862
    z: 9.393833400094417e-05
    roll: 1.569806445813128
    pitch: 0
    yaw: 1.40334803765664e-05
  wrist_3:
    x: 0.0001482404864588133
    y: 0.08245957542934135
    z: 5.834494940985691e-05
    roll: 1.571503884884657
    pitch: 3.141592653589793
    yaw: 3.141569594976225
  hash: calib_580438193739880227