ur10e_robot:
  test: [0, 0, 0, 1, 0.5, 0, 1] # quat pose - [rad] xyzw, [m] xyz
  exp1_pose: [0, -0.173648, 0, 0.984808, 0.1226, 0, 1.619] # quat pose - [rad] xyzw, [m] xyz